-0.65203 0.07239
-0.53709 0.01008
-0.89740 0.01622
-0.74517 0.12398
-0.93607 0.07261
-0.93599 0.17762
-0.81120 0.17600
-0.75074 0.37621
-0.60313 -0.20623
-0.67283 0.38320
-0.69658 0.13558
-0.99732 0.06990
-0.81622 0.27241
-0.70486 0.13052
-0.71932 0.00141
-0.84067 -0.14708
-0.67424 0.06436
-0.56131 -0.05351
-0.57197 -0.05785
-0.69907 0.05174
-0.61121 0.26414
-0.76760 0.17856
-0.91022 0.01853
-0.90186 0.10182
-0.77018 0.10559
-0.63922 -0.24245
-0.65322 -0.02618
-0.66885 0.18234
-0.81975 0.26523
-0.87440 0.07894
-0.55477 0.17540
-0.57453 0.09537
-0.72772 0.21586
-0.61554 0.15940
-0.73709 0.23119
-0.89885 0.15619
-0.78620 0.33240
-0.66534 0.22733
-0.49163 0.19586
-0.88956 0.33686
-0.56161 0.09376
-0.65091 -0.06109
-0.71875 0.02662
-0.62553 0.03556
-0.57135 0.13395
-0.79468 0.16043
-0.74243 0.18054
-0.90615 0.01221
-0.77393 -0.00540
-0.49353 0.07252
-0.65312 0.02497
-0.66867 0.17557
-0.83371 0.13016
-0.78457 0.06219
-0.67531 0.12725
-0.97703 0.09875
-0.87443 -0.17426
-0.77409 -0.03545
-0.72541 -0.04178
-0.67855 -0.06898
-0.52352 0.17910
-0.62099 -0.04360
-0.91655 0.09765
-0.63090 0.05146
-0.93663 0.04514
-0.71112 0.02363
-0.41029 -0.01072
-0.76522 -0.01159
-0.90203 0.31752
-0.71444 0.13562
-0.75976 0.16513
-0.75468 0.06022
-0.63387 -0.18145
-0.80378 0.09887
-0.78385 0.17639
-0.61544 -0.14393
-0.68596 0.07618
-0.68043 0.31688
-0.89010 0.07650
-0.66675 0.21699
-0.65066 -0.06381
-0.46879 0.14110
-0.83288 0.08265
-0.50907 0.05095
-0.71942 -0.25388
-0.81641 0.08039
-0.69366 -0.07821
-0.72151 0.04677
-0.61830 0.12127
-0.70982 -0.02957
-0.46833 0.21154
-0.91748 0.08009
-0.70961 0.22138
-0.49778 -0.03452
-0.76393 -0.06967
-0.62723 0.23984
-0.78720 0.08787
-0.74961 0.13221
-0.65824 0.13220
-0.65875 0.04905
-0.89207 0.12991
-0.92312 0.06246
-0.83839 0.27919
-0.68314 0.26135
-0.67048 0.23289
-0.88758 0.22104
-0.69689 0.05533
-0.54612 -0.05036
-0.66472 0.17284
-0.51650 -0.00949
-0.71064 -0.01948
-0.44182 0.16492
-0.80541 0.14851
-0.87083 -0.00484
-0.65236 0.10430
-0.83850 0.20429
-0.82723 0.19363
-0.78521 0.02927
-0.68842 0.03481
-0.86852 0.18534
-0.75875 -0.08876
-0.65911 -0.11695
-0.67810 0.15828
-0.57162 0.03910
-0.73456 -0.07702
-0.49186 0.11410
-0.59386 0.01166
-0.71527 0.24051
-0.59973 0.13379
-0.93939 -0.11694
-0.58945 0.06209
-0.84879 0.02202
-0.58798 -0.00688
-0.77668 -0.01907
-0.88021 -0.08904
-0.59583 0.16010
-0.76591 0.13926
-0.56968 -0.07499
-0.74376 0.04938
-0.80611 -0.10124
-0.87865 0.11756
-0.49415 0.27133
-0.58338 -0.10559
-0.52552 0.26116
-0.82341 0.12578
-0.76697 0.09835
-0.79556 0.13529
-0.84999 -0.09001
-0.64401 0.31390
-0.67522 -0.05552
-0.71409 0.08020
-0.66942 0.19668
-0.76607 -0.05256
-0.62605 0.16716
-0.64490 0.08224
-0.79705 -0.26526
-0.75027 -0.00338
-0.47917 -0.28602
-0.49240 0.01210
-0.80743 0.15741
-0.82313 0.04840
-0.73690 0.17330
-0.67421 -0.04440
-0.95682 0.12411
-0.69533 0.13012
-0.65709 0.00234
-0.77275 0.31660
-0.67630 -0.11121
-0.65389 0.15376
-0.91789 0.02752
-0.80910 0.02384
-0.97328 0.21385
-0.43101 0.14592
-0.72842 0.18627
-0.83770 0.13037
-0.78284 -0.11979
-0.66492 0.02779
-0.80239 -0.17037
-0.55661 0.07506
-0.68394 0.12565
-0.48162 0.06168
-0.87510 0.09773
-0.76045 0.12491
-0.97259 0.15928
-0.68058 -0.00967
-0.63184 0.04853
-0.89505 0.02883
-0.80110 0.08577
-0.69533 0.02989
-0.80210 0.13317
-0.81401 0.16619
-0.99545 0.13895
-0.72500 0.10478
-0.74691 0.23865
-0.69454 0.14750
-0.99920 -0.15430
-0.83412 0.05878
-0.65136 -0.04971
-0.82061 0.02936
-0.63153 -0.01937
-0.62241 -0.09634
-0.75960 0.01530
-0.62763 0.14782
-0.91529 -0.04651
-0.92080 0.11151
-0.88983 -0.04682
-0.62627 0.17131
-0.93496 0.00291
-0.63724 0.00766
-0.87912 0.19156
-0.56475 -0.14276
-0.89988 0.11746
-0.61178 -0.06574
-0.65738 0.03357
-0.46222 0.21467
-0.67171 0.20953
-0.72888 0.26092
-0.77323 0.05611
-0.59188 0.05036
-0.68312 0.13779
-0.70055 -0.01324
-0.84200 0.01801
-0.78846 0.08464
-0.65381 0.12200
-0.69566 -0.33908
-0.69174 -0.08086
-0.56939 -0.05193
-0.71381 0.16169
-0.80753 -0.03735
-0.78936 0.29944
-0.95819 0.12335
-0.66423 -0.04856
-0.58400 -0.11351
-0.54425 0.10225
-0.74123 0.00414
-0.99282 0.16039
-0.86421 0.10905
-0.86962 -0.12128
-0.76134 0.04324
-0.64886 -0.05437
-0.60483 0.10482
-0.64446 -0.06393
-0.84495 0.22314
-0.58082 0.24164
-0.80044 0.03894
-0.70775 0.10160
-0.89849 0.00283
-0.60485 0.11533
-0.71337 0.18349
-0.68104 0.02540
-0.60367 0.04724
-0.86624 0.17433
-0.55114 0.20066
-0.65818 0.04026
-0.62956 -0.07897
-0.71358 -0.01366
-0.75503 0.24922
-0.71095 0.08587
-0.61761 0.23198
-0.80811 0.20641
-0.73169 0.05517
-0.74389 -0.00963
-0.72560 0.16407
-0.61763 -0.04094
-0.67428 0.14173
-0.95175 -0.01241
-0.58533 0.08192
-0.60199 -0.11466
-0.73483 -0.04988
-0.81832 0.19443
-0.66379 -0.11123
-0.64831 0.13670
-0.46535 0.06683
-0.82116 0.00305
-0.66672 -0.04673
-0.68197 0.19561
-0.74031 0.17967
-0.77858 0.27791
-0.77336 0.13006
-0.88359 0.19180
-0.84942 0.00284
-0.90977 0.13737
-0.96289 0.08490
-0.75054 0.08818
-0.52251 0.15082
-0.66239 -0.08861
-0.64927 0.08829
-0.72711 -0.01536
-0.79533 -0.08205
-0.78549 0.16694
-0.60798 0.19492
-0.50197 0.13694
-0.72606 -0.26616
-0.84119 0.08396
-0.77437 0.09442
-0.75451 0.12876
-0.61534 0.16065
-0.78984 0.11862
-0.61890 -0.33055
-0.75389 -0.15180
-0.86278 0.15931
-0.66240 0.17145
-0.85088 0.07028
-0.72728 0.12976
-0.67161 0.13287
-0.73871 0.17673
-0.70438 0.15934
-0.56265 0.07396
-0.65101 0.15537
-0.86165 -0.00119
-0.62259 0.12501
-0.35711 0.01281
-0.66680 -0.00980
-0.68472 0.37448
-0.68339 0.18846
-0.98798 -0.10694
-0.49411 0.03389
-0.70156 0.05059
-0.66132 0.16657
-0.46804 0.38901
-0.80408 -0.02406
-0.84242 0.17098
-0.69834 0.19634
-0.72182 0.06078
-0.44072 0.20189
-0.92959 0.11115
-0.56937 -0.21219
-0.82966 0.19505
-0.70948 0.21904
-0.93749 0.20973
-0.85932 -0.21899
-0.63501 0.10041
-0.59908 0.03567
-0.52167 0.28664
-0.78954 0.02504
-0.87296 0.06571
-0.87017 0.31881
-0.55895 -0.13767
-0.68205 -0.02482
-0.82439 -0.03918
-0.89026 0.20478
-0.79796 0.40146
-0.59262 0.05931
-0.59048 0.29410
-0.85185 -0.00562
-0.87097 0.06511
-0.72529 0.28912
-0.76123 0.10926
-0.89092 0.12456
-0.77449 0.11337
-0.84456 -0.10373
-0.52657 0.09453
-0.75182 -0.10287
-0.66185 0.15616
-0.61182 -0.00393
-0.69101 -0.02028
-0.74568 -0.02323
-0.67436 0.10518
-0.66735 -0.09650
-0.67427 -0.02235
-0.78119 0.19960
-0.78715 0.10384
-0.55482 0.05907
-0.76061 0.32102
-0.89731 0.16509
-0.93918 -0.09460
-0.83088 0.14055
-0.56575 0.06248
-0.69079 0.22132
-0.95980 -0.02061
-0.63920 0.01936
-0.78617 0.14126
-0.65603 0.07515
-0.89480 0.07055
-0.60121 -0.01545
-0.66426 0.05822
-0.77897 0.09359
-0.99503 -0.12197
-0.71504 0.13246
-0.68417 0.02143
-0.63643 -0.04494
-0.60085 0.05280
-0.63295 0.08319
-0.62328 0.05835
-0.52421 -0.30104
-0.60034 0.20650
-0.61320 -0.23372
-0.69088 0.05568
-0.54160 0.16140
-0.60988 -0.02501
-0.86740 0.05011
-0.83835 0.10455
-0.62068 0.10641
-0.74123 0.07422
-0.69069 -0.05248
-0.87426 0.02157
-0.94955 -0.03810
-0.50678 0.25240
-0.53570 -0.03835
-0.69095 0.00359
-0.56333 -0.00394
-0.73261 -0.02584
-0.58889 -0.08368
-0.46164 -0.05917
-0.27194 0.04633
-0.69281 0.26883
-0.85904 0.13365
-0.77238 0.05611
-0.91358 0.04852
-0.82646 0.04786
-0.84709 0.14495
-0.64236 0.21435
-0.46206 0.15445
-0.70161 0.00680
-0.72914 0.16715
-0.73795 -0.09196
-0.84161 -0.05411
-0.87184 0.12051
-0.79869 0.15545
-0.56930 0.21364
-0.73284 0.18441
-0.59065 0.39314
-0.53029 0.15222
-0.54794 -0.21721
-0.84425 0.28368
-0.76087 -0.09894
-0.65443 0.30320
-0.70946 -0.00380
-0.50579 -0.02127
-0.47066 -0.22653
-0.89118 0.23028
-0.65395 0.02004
-0.63584 0.04992
-0.63759 -0.02230
-0.67167 -0.31174
-0.71070 0.16950
-0.46317 -0.02971
-0.85442 0.11633
-0.71574 -0.03804
-0.77804 -0.20533
-0.90636 0.15795
-0.75957 -0.08268
-0.76514 0.10641
-0.79713 -0.17723
-0.99487 -0.04937
-0.70732 0.17700
-0.82037 0.11961
-0.70852 -0.28605
-0.86985 0.03386
-0.89203 0.26903
-0.69472 0.12619
-0.76030 0.17949
-0.58723 0.11324
-0.81656 -0.06057
-0.96982 0.20823
-0.59650 -0.08397
-0.88358 -0.10505
-0.84424 -0.15975
-0.75592 0.23945
-0.82322 0.18564
-0.94271 -0.07754
-0.75432 0.19292
-0.95153 0.17046
-0.92983 0.13086
-0.65685 0.17516
-0.43240 0.17615
-0.75687 0.01598
-0.58249 0.25233
-0.72863 -0.10330
-0.69576 -0.03914
-0.51827 0.26638
-0.63789 0.18001
-0.92349 -0.19623
-0.71672 -0.06408
-0.88120 0.10677
-0.60414 0.18396
-0.53254 0.20549
-0.67532 0.07468
-0.59874 0.32231
-0.82914 0.03520
-0.57960 0.24332
-0.78851 -0.03071
-0.84005 0.40389
-0.67618 0.06114
-0.64302 -0.26835
-0.54691 0.04522
-0.62871 0.42970
-0.74592 0.29975
-0.48846 -0.06232
-0.71751 0.24876
-0.92208 0.19425
-0.70239 0.00097
-0.68477 0.19000
-0.70242 0.16900
-0.71862 0.07173
-0.97848 0.31471
-0.55284 0.13009
-0.61553 0.21963
-0.87124 0.02176
-0.48152 0.14398
-0.75045 0.00578
-0.95601 0.02719
-0.68715 0.01032
-0.63164 -0.09506
-0.66544 0.28462
-0.94120 0.25471
-0.76595 0.06975
-0.84896 0.33653
-0.44390 0.14979
-0.43692 0.16638
-0.84457 -0.03635
-0.74333 0.21446
-0.76278 0.04643
-0.79887 0.06366
-0.78062 0.00221
-0.48067 0.11483
-0.96658 0.19763
-0.69939 0.19486
-0.87977 -0.03961
-0.47762 0.06343
-0.47202 -0.11819
-0.49125 0.08443
-0.63552 -0.04149
-0.76063 -0.04905
-0.68257 -0.09568
-0.67228 0.15203
-0.76746 0.13349
-0.60121 0.16797
-0.55284 0.24644
-0.72337 -0.00583
-0.47500 0.09443
-0.97879 -0.00223
-0.68114 -0.08443
-0.78301 -0.30220
-0.91033 -0.02965
-0.69100 0.24677
-0.86544 0.02682
-0.46051 0.06767
-0.63792 0.05623
-0.56936 -0.10020
-0.75718 0.04105
-0.55470 0.21380
-0.62486 0.02996
-0.71916 -0.06838
-0.87787 0.39391
-0.79452 -0.17121
-0.70938 0.15316
-0.48110 0.06632
-0.88823 -0.00152
-0.57462 0.13803
-0.61296 0.09722
-0.89690 0.06709
-0.62341 0.01802
-0.76908 0.00832
-0.56599 -0.02969
-0.80009 -0.03489
-0.68726 0.16667
-0.67219 0.34932
-0.75960 0.03056
-0.63473 0.14545
-0.81352 0.22370
-0.86690 0.19197
-0.66521 0.03571
-0.59452 0.04156
-0.68778 0.22816
-0.81846 0.06416
-0.68552 0.14492
-0.82472 -0.18158
-0.62900 0.13570
-0.86729 0.04390
-0.81132 -0.11118
-0.76688 -0.03351
-0.72869 0.06506
-0.67780 0.18173
-0.63296 -0.04337
-0.80336 0.24420
-0.91505 0.28751
-0.79777 -0.19242
-0.67680 0.08955
-0.54196 0.15070
-0.63848 0.08039
-0.72781 -0.15099
-0.72165 -0.04159
-0.57392 0.13524
-0.83566 0.13142
-0.72969 0.03257
-0.74508 0.13795
-0.70587 0.14676
-0.60628 0.17512
-0.73513 0.34456
-0.54846 -0.20997
-0.93662 -0.00091
-0.74961 0.33818
-0.83421 0.12071
-0.50987 -0.15507
-0.70279 0.35749
-0.64664 0.10431
-0.76595 0.11727
-0.46279 -0.04248
-0.75056 -0.09609
-0.95397 0.05931
-0.76148 -0.00136
-0.73006 -0.13751
-0.81097 0.23015
-0.72468 0.12771
-0.89606 0.07701
-0.77187 0.05350
-0.62980 0.42790
-0.62482 0.26617
-0.68238 0.22408
-0.77586 0.08658
-0.76545 0.17713
-0.63450 -0.02948
-0.74456 0.03683
-0.69811 0.26214
-0.93481 0.02647
-0.92589 0.40165
-0.69448 -0.02947
-0.71182 -0.04373
-0.82620 0.27955
-0.85123 -0.14559
-0.56050 0.19846
-0.96043 0.25070
-0.66031 0.26719
-0.96404 0.01233
-0.83734 0.03376
-0.60589 -0.01548
-0.81538 -0.05293
-0.80971 0.17437
-0.87642 -0.10608
-0.47719 -0.12836
-0.55334 -0.07756
-0.72577 0.18518
-0.69044 0.25613
-0.78769 0.32758
-0.53275 0.07359
-0.72153 0.14656
-0.64802 0.04829
-0.61412 -0.21825
-0.59254 -0.11986
-0.73524 0.02695
-0.79167 0.11204
-0.77909 0.24868
-0.75801 0.24939
-0.63724 0.02674
-0.87332 0.03856
-0.85409 0.18563
-0.83385 0.08395
-0.98145 0.20355
-0.81836 0.22141
-0.77038 0.14022
-0.76964 -0.09846
-0.78576 0.20629
-0.58065 -0.13184
-0.86308 0.12571
-0.76682 -0.11862
-0.56116 0.15770
-0.62436 0.01236
-0.72989 0.15829
-0.55137 0.05210
-0.85224 0.07128
-0.64138 0.41608
-0.75150 -0.08683
-0.63023 -0.02047
-0.75260 -0.17284
-0.82396 0.01410
-0.66925 0.08096
-0.72200 -0.20944
-0.79584 0.23916
-0.78298 0.21126
-0.80317 0.14611
-0.63533 0.30829
-0.78100 0.00336
-0.49448 0.01073
-0.67130 0.20203
-0.70402 0.26000
-0.54066 0.13774
-0.65595 0.00695
-0.76583 0.11408
-0.84191 0.10222
-0.63251 0.10574
-0.62556 0.01028
-0.66711 -0.36183
-0.49518 0.23682
-0.60487 0.00909
-0.71042 0.14429
-0.91706 -0.08267
-0.81643 0.00859
-0.86735 0.38468
-0.51551 -0.00082
-0.90136 -0.08412
-0.97709 0.23935
-0.46725 0.01545
-0.99754 0.14833
-0.75257 0.26468
-0.82756 -0.11090
-0.60700 -0.12975
-0.81663 0.19800
-0.77875 -0.13477
-0.94624 -0.10446
-0.80378 0.44698
-0.89467 0.16352
-0.92749 0.24593
-0.82956 0.17999
-0.74308 -0.19485
-0.66506 0.09378
-0.76167 -0.09495
-0.81958 0.17088
-0.53239 0.12390
-0.54094 -0.07052
-0.56822 0.18033
-0.71722 0.03914
-0.70570 0.19704
-0.53956 -0.05639
-0.67765 0.00239
-0.63853 -0.03193
-0.83802 0.29779
-0.88294 0.00580
-0.66317 0.18944
-0.69037 0.27582
-0.66804 -0.33036
-0.76612 0.17328
-0.82465 0.11943
-0.62435 0.07271
-0.67500 0.05539
-0.39997 0.25764
-0.74422 0.01394
-0.89382 -0.14732
-0.79738 -0.00599
-0.79354 0.14451
-0.67099 0.17190
-0.66078 -0.05138
-0.70983 0.25366
-0.67577 0.04138
-0.69561 -0.06652
-0.82316 0.00833
-0.70891 -0.05853
-0.80797 0.04742
-0.76745 0.02814
-0.88293 0.19069
-0.78100 -0.08480
-0.75772 0.16675
-0.82801 0.14196
-0.80982 -0.17256
-0.64864 0.12089
-0.64323 0.02427
-0.72017 -0.08121
-0.68291 0.13368
-0.64232 -0.08220
-0.85983 0.08663
-0.85463 0.49504
-0.92827 0.47199
-0.98439 0.71351
-0.98415 0.34812
-0.81263 0.60481
-0.84069 0.47807
-0.90829 0.50220
-0.90484 0.26747
-0.95419 0.63677
-0.89379 0.59715
-0.96177 0.85550
-0.89086 0.62989
-0.84068 0.39189
-0.88644 0.44679
-0.79614 0.65051
-0.75246 0.65045
-0.97047 0.65247
-0.85682 0.67135
-0.90375 0.82923
-0.91367 0.68321
-0.99050 0.38754
-0.56113 0.65817
-0.78647 0.49505
-0.85495 0.48559
-0.98541 0.52679
-0.90443 0.70717
-0.94436 0.39862
-0.89710 0.69026
-0.90147 0.46833
-0.89653 0.73033
-0.89871 0.60006
-0.85935 0.69358
-0.78124 0.60279
-0.92147 0.45459
-0.97927 0.73253
-0.90894 0.66124
-0.89662 0.70023
-0.77633 0.69469
-0.77718 0.65359
-0.89143 0.56336
-0.92442 0.51250
-0.95631 0.59710
-0.97895 0.62160
-0.90126 0.59006
-0.83950 0.56204
-0.71981 0.59049
-0.96515 0.51885
-0.98526 0.66119
-0.83593 0.85446
-0.87100 0.49309
-0.97330 0.70411
-0.88426 0.50703
-0.88358 0.61485
-0.87388 0.53331
-0.89877 0.60287
-0.98171 0.68606
-0.96601 0.63010
-0.94376 0.51563
-0.83733 0.49260
-0.91712 0.46467
-0.95841 0.55667
-0.94712 0.60335
-0.94664 0.69025
-0.88340 0.49326
-0.77754 0.44612
-0.83188 0.58472
-0.93411 0.58906
-0.75524 0.52183
-0.96508 0.66458
-0.99658 0.31785
-0.63334 0.69073
-0.94952 0.70432
-0.97995 0.58176
-0.74856 0.59920
-0.71744 0.52369
-0.69776 0.72740
-0.75367 0.47497
-0.92165 0.50917
-0.99246 0.74499
-0.96520 0.80784
-0.81960 0.57893
-0.99626 0.78770
-0.84572 0.59091
-0.96145 0.38372
-0.74934 0.66331
-0.88073 0.57190
-0.93859 0.58758
-0.89806 0.59221
-0.87527 0.73474
-0.85624 0.57892
-0.89951 0.40596
-0.84609 0.55147
-0.98568 0.58050
-0.99695 0.48412
-0.78256 0.73676
-0.94501 0.59679
-0.87947 0.60566
-0.97884 0.77486
-0.92718 0.62982
-0.90935 0.60895
-0.82036 0.80870
-0.78356 0.63436
-0.91905 0.59418
-0.69625 0.59639
-0.71852 0.69848
-0.92491 0.43048
-0.81437 0.56420
-0.85600 0.65996
-0.90109 0.50250
-0.79053 0.44324
-0.91038 0.64554
-0.91929 0.48102
-0.95894 0.59163
-0.99223 0.42683
-0.87931 0.56878
-0.97972 0.28262
-0.71667 0.55580
-0.89477 0.66104
-0.84765 0.51739
-0.94114 0.28640
-0.81580 0.54443
-0.89559 0.42634
-0.91844 0.57625
-0.71561 0.63843
-0.77327 0.71651
-0.91314 0.70734
-0.88666 0.29674
-0.78231 0.15420
-0.95778 0.64512
-0.86638 0.55091
-0.91873 0.66182
-0.99460 0.51753
-0.79996 0.58903
-0.88835 0.23265
-0.84820 0.67337
-0.86242 0.73302
-0.96193 0.42742
-0.59989 0.57995
-0.82025 0.52244
-0.89652 0.63159
-0.91848 0.70921
-0.84147 0.53608
-0.88582 0.54830
-0.98693 0.73524
-0.91025 0.51265
-0.90235 0.44724
-0.97222 0.69837
-0.94334 0.53025
-0.99480 0.40191
-0.97786 0.63060
-0.88004 0.66783
-0.92114 0.52382
-0.76027 0.60615
-0.94999 0.76077
-0.80405 0.38825
-0.90715 0.35619
-0.93496 0.39816
-0.99304 0.48699
-0.69473 0.53595
-0.85641 0.69796
-0.88698 0.49839
-0.91262 0.63330
-0.95657 0.57833
-0.92485 0.47225
-0.92361 0.40509
-0.98345 0.46903
-0.93195 0.77948
-0.94641 0.67610
-0.98977 0.73626
-0.96128 0.68213
-0.86796 0.65314
-0.79884 0.68732
-0.79752 0.51009
-0.95705 0.52632
-0.85010 0.64867
-0.86370 0.86893
-0.94343 0.71316
-0.83013 0.61627
-0.78157 0.55535
-0.97774 0.65960
-0.94085 0.52917
-0.99155 0.62892
-0.74051 0.42068
-0.70598 0.42233
-0.77081 0.68900
-0.97608 0.46619
-0.86144 0.64174
-0.96090 0.34996
-0.85255 0.52802
-0.92458 0.63321
-0.77493 0.55104
-0.69068 0.81926
-0.73772 0.55060
-0.93141 0.57516
-0.82002 0.74060
-0.93113 0.54442
-0.79281 0.72264
-0.81841 0.53822
-0.95264 0.69521
-0.82124 0.76669
-0.82973 0.58513
-0.92087 0.56590
-0.79848 0.65000
-0.90606 0.48661
-0.89593 0.43374
-0.95524 0.64090
-0.86232 0.42345
-0.90220 0.53339
-0.95992 0.65573
-0.91560 0.77669
-0.82831 0.57815
-0.84503 0.63100
-0.84186 0.55220
-0.97986 0.41819
-0.86906 0.84156
-0.94925 0.72734
-0.89280 0.51058
-0.70668 0.72931
-0.73096 0.58607
-0.97256 0.72439
-0.88156 0.55144
-0.87499 0.74404
-0.85529 0.41227
-0.99316 0.60342
-0.89884 0.48291
-0.69410 0.31151
-0.97834 0.33133
-0.76708 0.63083
-0.87999 0.58905
-0.85052 0.44535
-0.95174 0.71060
-0.68726 0.39683
-0.84180 0.56894
-0.97633 0.62441
-0.90850 0.46392
-0.95395 0.41554
-0.91824 0.63988
-0.98087 0.85815
-0.97705 0.43535
-0.84267 0.52348
-0.96843 0.71260
-0.96512 0.64333
-0.98696 0.66444
-0.80951 0.46809
-0.84771 0.40084
-0.86231 0.68650
-0.84596 0.58785
-0.85315 0.62027
-0.83710 0.34714
-0.89970 0.51586
-0.89749 0.65619
-0.84504 0.75193
-0.94870 0.51574
-0.93112 0.59785
-0.89945 0.50273
-0.72591 0.47155
-0.96101 0.57288
-0.82510 0.69918
-0.90644 0.47520
-0.88546 0.73215
-0.95985 0.64024
-0.84703 0.42011
-0.81332 0.64856
-0.90749 0.87607
-0.84033 0.39607
-0.99918 0.72206
-0.90491 0.72811
-0.90162 0.54668
-0.97725 0.55855
-0.99467 0.62706
-0.99739 0.53130
-0.83003 0.67778
-0.82475 0.53740
-0.99738 0.50753
-0.94231 0.70274
-0.93225 0.50351
-0.89995 0.43452
-0.75919 0.66020
-0.99459 0.50315
-0.56302 0.61585
-0.99410 0.69733
-0.96704 0.47927
-0.77603 0.66065
-0.89195 0.61925
-0.86738 0.56949
-0.76483 0.75357
-0.84996 0.46989
-0.78094 0.59131
-0.87825 0.54114
-0.96503 0.48311
-0.86932 0.40731
-0.94973 0.54134
-0.93538 0.63853
-0.98505 0.61048
-0.98219 0.60711
-0.99510 0.53690
-0.82482 0.72476
-0.90050 0.33799
-0.80877 0.39053
-0.97468 0.65774
-0.73696 0.63406
-0.85953 0.86187
-0.76169 0.54647
-0.97928 0.59542
-0.97999 0.63832
-0.97702 0.51000
-0.93056 0.50428
-0.98488 0.54788
-0.91085 0.49569
-0.94404 0.69308
-0.88851 0.45011
-0.99100 0.70515
-0.73858 0.42357
-0.92129 0.37178
-0.99749 0.47849
-0.87911 0.65454
-0.98878 0.59452
-0.92072 0.47852
-0.79001 0.72586
-0.85372 0.76763
-0.83433 0.72619
-0.81410 0.69012
-0.72390 0.42208
-0.99256 0.53887
-0.96088 0.85784
-0.67842 0.51256
-0.97344 0.62750
-0.79528 0.30888
-0.83613 0.74839
-0.92524 0.59089
-0.83078 0.66745
-0.95320 0.36917
-0.86646 0.42387
-0.91958 0.60628
-0.95023 0.65648
-0.75485 0.46371
-0.83293 0.54941
-0.76024 0.62864
-0.93907 0.64959
-0.66509 0.59164
-0.76718 0.66563
-0.92941 0.41024
-0.95155 0.53414
-0.92578 0.75014
-0.87794 0.61790
-0.86271 0.53655
-0.82658 0.66180
-0.91460 0.69379
-0.73918 0.41925
-0.85297 0.64662
-0.97685 0.59025
-0.80944 0.54181
-0.84151 0.57006
-0.96766 0.69044
-0.90821 0.60586
-0.80386 0.46213
-0.86131 0.55020
-0.68105 0.69145
-0.87484 0.88117
-0.88083 0.59566
-0.92863 0.65701
-0.82354 0.62461
-0.72319 0.67116
-0.78935 0.60797
-0.79928 0.74193
-0.98183 0.38465
-0.90313 0.80815
-0.84577 0.50004
-0.96422 0.49513
-0.71061 0.48437
-0.92089 0.55348
-0.98344 0.79805
-0.95549 0.54002
-0.80424 0.64216
-0.98854 0.64729
-0.95704 0.58438
-0.84363 0.47917
-0.73722 0.42706
-0.87887 0.64305
-0.90433 0.78061
-0.79758 0.59460
-0.97216 0.56396
-0.92594 0.59381
-0.92005 0.67847
-0.88752 0.60993
-0.93200 0.55765
-0.96412 0.70945
-0.85816 0.23581
-0.80542 0.81435
-0.99841 0.59868
-0.92497 0.75358
-0.95012 0.66987
-0.95109 0.53218
-0.91926 0.52175
-0.85059 0.99873
-0.95304 0.44525
-0.99501 0.32556
-0.95850 0.69378
-0.93192 0.77220
-0.73646 0.59557
-0.93295 0.85579
-0.81766 0.52512
-0.87257 0.56464
-0.90688 0.54148
-0.87343 0.83427
-0.95462 0.50821
-0.85891 0.56069
-0.97287 0.77424
-0.91481 0.53923
-0.88027 0.75997
-0.93158 0.45864
-0.89923 0.51566
-0.95868 0.54044
-0.89133 0.60462
-0.98616 0.63902
-0.93358 0.39644
-0.99027 0.70047
-0.88447 0.50900
-0.89277 0.52497
-0.73886 0.68652
-0.92052 0.46525
-0.96074 0.29092
-0.95551 0.47669
-0.95512 0.66826
-0.95663 0.61880
-0.76471 0.83813
-0.81354 0.41871
-0.96703 0.56967
-0.90147 0.38812
-0.85842 0.60658
-0.94363 0.71671
-0.75311 0.43277
-0.95340 0.50460
-0.83488 0.70093
-0.87345 0.82748
-0.90116 0.64808
-0.94956 0.74087
-0.83410 0.62099
-0.79535 0.52804
-0.78640 0.63153
-0.94593 0.74382
-0.98925 0.65007
-0.94161 0.58634
-0.83359 0.44970
-0.88002 0.43172
-0.99289 0.64764
-0.98319 0.65358
-0.95529 0.72809
-0.99593 0.49118
-0.92220 0.57586
-0.67095 0.51195
-0.95732 0.57564
-0.80153 0.67702
-0.81965 0.76135
-0.88891 0.51259
-0.93883 0.64861
-0.81429 0.45886
-0.96658 0.67852
-0.85747 0.66571
-0.84640 0.69564
-0.94015 0.58983
-0.85708 0.58733
-0.83960 0.49732
-0.96558 0.60591
-0.91153 0.53533
-0.98989 0.69480
-0.93047 0.57006
-0.91238 0.61170
-0.89593 0.59731
-0.81458 0.57507
-0.95791 0.47209
-0.87857 0.62488
-0.97816 0.69265
-0.94113 0.59251
-0.84355 0.36052
-0.97528 0.61217
-0.98393 0.54538
-0.90283 0.45494
-0.84940 0.35654
-0.73054 0.56917
-0.90072 0.69949
-0.81135 0.77911
-0.97087 0.67843
-0.87297 0.57840
-0.99516 0.76830
-0.94987 0.59286
-0.92316 0.71235
-0.92370 0.66165
-0.79180 0.52718
-0.81584 0.45379
-0.52439 0.75270
-0.92429 0.66769
-0.84809 0.60670
-0.89635 0.47769
-0.90594 0.65827
-0.73114 0.60462
-0.80241 0.58953
-0.96392 0.68163
-0.97151 0.47678
-0.99718 0.50758
-0.96911 0.54019
-0.82961 0.52551
-0.92047 0.50792
-0.98779 0.36815
-0.89403 0.50657
-0.73375 0.73582
-0.88999 0.48918
-0.88162 0.61389
-0.85434 0.60644
-0.96979 0.49286
-0.89235 0.55642
-0.80289 0.47241
-0.74994 0.44941
-0.94427 0.31968
-0.87381 0.29810
-0.96368 0.63755
-0.92419 0.43185
-0.98605 0.62169
-0.84436 0.49404
-0.97662 0.65092
-0.61547 0.57131
-0.74310 0.49570
-0.96422 0.54388
-0.86654 0.73332
-0.99239 0.56450
-0.86739 0.59140
-0.85599 0.31188
-0.90347 0.61587
-0.85159 0.90494
-0.85093 0.68393
-0.94513 0.51883
-0.99225 0.56942
-0.90454 0.59706
-0.96434 0.58995
-0.80277 0.57212
-0.95223 0.51797
-0.90075 0.62435
-0.90334 0.42877
-0.91943 0.68197
-0.85641 0.44595
-0.87669 0.64696
-0.97005 0.65444
-0.98374 0.62676
-0.74758 0.56187
-0.88459 0.92608
-0.92091 0.65894
-0.98372 0.49105
-0.93102 0.62183
-0.99360 0.46163
-0.96201 0.60316
-0.96396 0.51313
-0.94499 0.40349
-0.98109 0.70337
-0.81130 0.46779
-0.94620 0.72348
-0.96768 0.54638
-0.99467 0.44802
-0.85870 0.47498
-0.92373 0.54926
-0.85814 0.52355
-0.78964 0.45405
-0.97017 0.53332
-0.99501 0.73100
-0.79676 0.59480
-0.75448 0.70965
-0.72581 0.65315
-0.93249 0.51728
-0.98915 0.50663
-0.91431 0.68541
-0.84358 0.63385
-0.96282 0.44752
-0.89002 0.81516
-0.84304 0.44671
-0.96559 0.43056
-0.88252 0.31783
-0.83006 0.34898
-0.87546 0.63486
-0.96265 0.59694
-0.90103 0.37600
-0.83938 0.68753
-0.81506 0.54063
-0.86819 0.38906
-0.88552 0.31843
-0.90072 0.63537
-0.97339 0.40749
-0.94556 0.72718
-0.95291 0.62387
-0.91267 0.62658
-0.83511 0.62189
-0.87033 0.67257
-0.97079 0.51050
-0.87922 0.66528
-0.97780 0.73961
-0.94199 0.52824
-0.97569 0.62901
-0.95863 0.46874
-0.96035 0.70601
-0.96409 0.54331
-0.79932 0.25920
-0.76766 0.45093
-0.87217 0.54984
-0.87987 0.64865
-0.99139 0.60789
-0.78723 0.78782
-0.88843 0.48931
-0.74964 0.37906
-0.97350 0.57008
-0.84021 0.48830
-0.81472 0.55716
-0.79983 0.51405
-0.97357 0.50679
-0.95277 0.50951
-0.66741 0.62381
-0.98429 0.37706
-0.94268 0.50107
-0.88355 0.60573
-0.83510 0.60246
-0.95583 0.53475
-0.88347 0.74925
-0.78522 0.46127
-0.91187 0.66037
-0.97704 0.64416
-0.99409 0.54582
-0.78017 0.47558
-0.88812 0.53483
-0.81930 0.50903
-0.89512 0.66239
-0.86233 0.82034
-0.82500 0.64009
-0.78479 0.57048
-0.78477 0.53931
-0.98644 0.69606
-0.86628 0.43671
-0.88789 0.59511
-0.99118 0.61232
-0.73286 0.49839
-0.96089 0.49940
-0.93290 0.62610
-0.82025 0.68201
-0.79344 0.53855
-0.82006 0.63299
-0.93833 0.58032
-0.87759 0.55799
-0.98250 0.63954
-0.83633 0.82337
-0.80532 0.59235
-0.94626 0.39554
-0.96737 0.52046
-0.96212 0.72604
-0.98971 0.53987
-0.75141 0.40232
-0.86447 0.48166
-0.97668 0.60317
-0.81877 0.51284
-0.79606 0.57036
-0.98763 0.52852
-0.73498 0.51035
-0.89396 0.57888
-0.81287 0.67234
-0.87957 0.52522
-0.78003 0.42065
-0.81773 0.50453
-0.99364 0.64494
-0.84938 0.78158
-0.97758 0.69635
-0.88264 0.53879
-0.91097 0.72221
-0.98620 0.66283
-0.81700 0.39124
-0.93651 0.57992
-0.85624 0.50090
-0.99486 0.68129
-0.85578 0.21512
-0.80988 0.57757
-0.80783 0.60740
-0.92842 0.44690
-0.68461 0.79423
-0.83917 0.70193
-0.75016 0.41883
-0.98775 0.78640
-0.78741 0.33834
-0.99909 0.50889
-0.86392 0.65855
-0.85634 0.49683
-0.95461 0.57205
-0.99123 0.49452
-0.69498 0.63929
-0.94084 0.60156
-0.83231 0.64655
-0.99390 0.64868
-0.98745 0.65619
-0.76410 0.49934
-0.93525 0.51523
-0.92517 0.56483
-0.87372 0.65237
-0.82235 0.49448
-0.90585 0.47701
-0.90492 0.54550
-0.85571 0.64496
-0.90229 0.85389
-0.95381 0.46800
-0.74542 0.52353
-0.83573 0.54911
-0.93495 0.39432
-0.72218 0.71625
-0.99203 0.57793
-0.96814 0.58587
-0.95288 0.73426
-0.87178 0.66742
-0.90896 0.80358
-0.94898 0.69074
-0.82344 0.50320
-0.85963 0.51316
-0.96801 0.48444
-0.70183 0.52594
-0.81262 0.54537
-0.93864 0.56021
-0.95073 0.54281
-0.84776 0.50472
-0.58481 0.56322
-0.73055 0.58903
-0.91066 0.52187
-0.99334 0.60852
-0.98782 0.78416
-0.95808 0.52764
-0.78626 0.42915
-0.97175 0.49480
-0.86598 0.71839
-0.89705 0.68402
-0.84389 0.69512
-0.88917 0.61119
-0.83397 0.59820
-0.79917 0.55719
-0.89738 0.60078
-0.68831 0.77072
-0.98727 0.46968
-0.71910 0.77023
-0.88203 0.51625
-0.89433 0.53687
-0.87209 0.48603
-0.76907 0.48982
-0.84576 0.42792
-0.88983 0.56352
-0.84588 0.69498
-0.72693 0.72159
-0.91445 0.55092
-0.90946 0.46959
-0.99002 0.78086
-0.88830 0.39193
-0.93666 0.73018
0.36823 0.06540
0.65763 0.02091
0.54667 0.07495
0.83333 0.36331
0.64752 0.38972
0.36011 -0.02232
0.01566 -0.01589
0.42067 -0.04103
0.50667 -0.32052
0.34919 0.20417
0.49446 0.18322
0.13894 0.05320
0.44626 0.16694
0.51135 0.57348
0.27559 0.07743
0.78663 -0.17552
0.79159 0.06133
0.53330 -0.46649
0.41698 -0.08855
0.49169 0.15424
0.47242 0.30518
0.33140 0.09992
0.55454 -0.18778
0.59606 0.03539
0.30609 0.11228
0.35437 -0.07205
0.29708 0.82031
0.21280 -0.29957
0.22417 -0.11874
0.21365 0.30695
0.31206 -0.17027
0.03572 0.11863
0.22549 0.36026
0.54208 0.08681
0.21566 0.36634
0.74618 0.11397
0.33910 -0.21992
-0.22548 -0.08916
0.61787 0.11174
0.33370 0.18238
0.46592 0.44696
0.50233 0.44279
0.58493 -0.12097
0.13334 0.33363
0.02117 0.07346
0.96584 -0.16028
-0.12147 0.07408
0.74039 -0.03475
0.61574 -0.12195
0.55131 -0.23389
0.07317 0.15384
-0.16437 -0.40564
0.23526 0.29171
0.12992 0.15164
0.79074 -0.15885
0.24295 -0.29129
0.66326 0.19299
0.32550 -0.23729
0.07178 -0.00078
0.53249 0.09322
-0.51556 0.45891
0.48607 -0.03563
0.14289 0.17121
0.38417 -0.03347
0.47615 0.10270
0.31411 0.08664
0.11664 -0.44610
0.62930 0.12770
0.22013 0.05349
-0.06961 -0.02590
0.09994 0.26009
0.54084 0.09808
0.32950 -0.53547
0.66598 -0.08171
0.46035 -0.00599
0.26885 -0.13034
0.02567 0.18638
0.10001 -0.55834
-0.15507 0.61434
0.46934 -0.02886
0.92755 0.24752
0.39804 0.27367
0.55531 0.20222
0.59686 -0.33322
0.21058 0.17659
0.36099 0.45535
0.38793 0.43691
0.79865 -0.24311
0.81685 0.12601
0.54082 -0.14301
0.52113 -0.18993
0.65698 -0.21628
0.20678 0.17447
0.43909 0.39080
0.64453 -0.07993
0.23378 0.79663
0.31733 0.22698
0.53692 0.31179
0.31506 -0.17961
0.33936 0.00768
0.58834 0.29834
0.29342 -0.17840
0.99869 0.14383
0.70426 0.19587
0.52083 0.26262
0.19495 0.29318
0.57681 0.44763
-0.07341 0.18150
0.02331 0.43901
0.51824 -0.00448
0.38136 0.00539
0.79593 -0.11120
-0.17983 -0.04049
0.66538 -0.29083
-0.20400 0.05079
-0.08616 0.41544
0.20183 -0.72918
-0.03494 0.44890
0.45407 0.18949
0.02895 0.22453
0.34542 0.11032
0.09551 0.32683
0.50594 0.21993
0.54117 0.19412
0.08963 -0.32448
0.31878 0.50371
-0.04077 -0.10218
0.38441 0.03718
0.71703 -0.10157
0.10321 0.54992
0.38601 0.38348
0.48190 -0.10455
0.39513 -0.07029
0.17599 -0.17544
0.02238 0.03213
0.20901 -0.24613
0.64286 -0.09752
0.02658 0.37363
0.77505 -0.08488
0.39198 0.17743
0.71425 -0.04180
0.20671 0.33870
0.51507 0.17521
0.45815 0.34066
0.47673 0.46289
0.58499 -0.43492
0.03330 0.18728
0.58430 0.43384
0.36995 -0.39703
0.58107 -0.12983
0.51344 0.09459
0.13290 -0.31654
0.50916 0.17747
0.66231 0.28513
0.51818 0.83724
0.05717 -0.34247
0.53516 0.42221
-0.16099 0.16408
0.01281 -0.23635
0.60386 0.45164
0.50935 -0.10020
-0.15726 0.52935
0.86295 0.32836
0.11362 0.17278
0.56732 0.21845
0.14940 -0.01122
0.43860 -0.12616
0.66706 -0.47191
0.10747 0.34118
0.15909 0.59368
0.39358 0.37166
0.28948 -0.39703
0.71125 0.20354
0.78990 0.32765
0.37628 -0.15840
0.20268 0.54232
0.25312 0.08285
-0.10074 0.77723
0.72505 -0.08941
0.14883 0.15914
0.49540 0.70100
0.44960 -0.07596
0.44884 0.35980
0.35497 0.48575
0.52002 -0.13842
0.17078 0.43098
0.58713 0.36712
0.36502 0.27920
0.27416 0.11625
0.95597 0.29103
-0.21301 0.12673
0.51841 0.69785
0.70103 -0.06446
0.34849 -0.37681
0.33346 0.55078
0.63581 0.25593
0.36626 0.25490
0.64338 -0.09798
0.62556 0.16280
0.62450 0.05182
-0.20517 0.07665
0.06312 0.22309
0.41329 0.24567
0.70310 0.43154
0.07834 0.52617
0.14319 0.29483
0.66691 0.15738
0.03859 -0.26807
0.92402 0.38647
0.34995 -0.03712
0.44867 0.13556
0.08549 0.25457
0.40845 -0.00174
0.92297 0.49567
0.42103 0.03774
0.08915 -0.04246
0.31851 0.08924
0.03577 0.12806
0.09762 -0.03759
0.56760 0.03975
-0.19037 -0.56458
-0.17777 -0.23545
0.83293 0.38637
0.63057 -0.60273
0.34120 0.35882
0.42622 -0.45517
0.37405 0.66110
0.37070 -0.03257
0.38945 0.12564
0.28256 -0.35559
0.90698 -0.11266
0.72515 0.30929
0.07993 0.03114
0.73396 -0.73948
0.13524 0.31349
0.29250 0.19526
0.21517 0.04799
0.76807 0.09863
0.61787 0.38851
0.58703 0.09366
0.14215 -0.09407
0.41831 -0.06596
0.67371 -0.14190
0.50129 0.68856
-0.01262 -0.57379
0.45878 0.23770
0.34607 -0.01172
0.54476 -0.02246
0.11620 -0.28885
0.14165 0.13917
0.23436 0.48132
0.55008 -0.12465
0.31240 0.01821
0.32758 0.51415
-0.02854 -0.00589
0.16025 0.21280
0.21165 0.04876
0.57099 -0.05106
0.53722 0.01381
0.27966 0.47801
0.57566 0.73101
0.26274 -0.25583
0.26629 -0.12487
0.30118 0.04401
-0.41505 -0.29357
0.51669 -0.09682
0.53509 -0.47737
0.27067 0.08342
0.61449 -0.15357
-0.08360 -0.17307
0.32153 -0.00902
-0.14745 0.14381
0.65000 -0.00028
0.49615 0.14805
0.23753 0.39553
0.92355 -0.28701
0.31966 -0.24864
0.22649 0.36235
0.49938 0.44822
-0.23108 0.28344
0.61167 0.00250
0.59335 0.44502
0.66557 0.19663
0.35211 0.15316
0.75095 -0.21053
0.78995 0.11014
0.51536 0.44545
-0.00157 0.07533
0.47656 0.59816
0.63457 0.43176
0.31677 0.59950
0.73533 0.18177
0.47966 -0.09067
0.16060 0.24034
0.04063 0.40217
0.40083 0.32356
0.10766 -0.05608
0.73454 0.06276
0.69139 -0.23676
0.75731 0.32354
0.30072 -0.05160
0.25060 0.08732
0.82414 0.14441
0.68709 0.27288
0.16630 0.01144
0.11812 -0.08780
0.97880 0.31905
0.35066 0.22801
0.77215 0.06414
0.70172 0.42699
0.32525 0.83139
0.64552 -0.28672
0.21622 -0.03613
0.94477 0.02791
0.12316 -0.32662
0.50317 0.27049
0.42575 0.26558
-0.02166 -0.09530
-0.47981 0.01303
0.58602 -0.04062
0.25098 -0.18973
0.26186 0.52794
0.36233 0.14334
0.27309 0.34187
0.08463 -0.30617
0.45403 -0.10479
0.63744 0.35521
0.68323 -0.00203
0.71225 -0.04408
0.51241 0.05677
0.62129 0.33404
-0.14135 -0.33826
0.69867 0.22458
0.02150 0.10654
0.63724 -0.03414
0.54912 0.10691
0.78358 0.21553
0.22754 0.44983
0.59575 0.04782
0.64013 -0.07064
0.65587 0.20224
0.11071 -0.13806
0.03753 -0.06649
0.70104 0.61046
-0.00365 -0.20325
0.05584 0.09973
0.35678 -0.36084
0.13617 -0.03150
0.17027 0.37675
-0.42327 -0.30537
0.52697 0.14839
0.22838 0.13278
0.18025 -0.43869
0.65441 -0.22966
0.60201 -0.17349
0.55869 0.06280
0.69936 0.38736
0.70647 -0.20503
-0.14250 0.52147
0.44829 0.38940
0.28751 0.31202
0.47252 0.54294
0.69982 0.04907
0.34433 -0.13135
0.80257 0.30912
0.37689 0.04164
0.75883 -0.05163
0.16288 -0.15517
0.01255 -0.09371
0.52609 0.08454
0.06223 -0.06739
0.41523 -0.04520
0.50742 0.62760
0.66569 -0.20695
0.16585 0.39791
0.76210 0.43828
0.37576 -0.00413
0.74978 0.28662
-0.07400 0.21958
0.49851 -0.34481
0.60176 0.27739
0.43279 0.71204
0.89832 -0.08449
0.62768 0.20053
-0.23537 0.00240
0.72796 0.80719
0.59188 0.28800
0.43647 0.22191
0.60890 0.01760
-0.11253 -0.16158
0.67630 0.26246
0.01159 0.75780
0.49951 0.30281
0.48045 -0.01356
0.31880 0.28844
0.19700 0.68549
0.47152 0.20039
0.42875 0.05322
0.74539 0.03781
0.41082 0.13554
0.45981 0.31310
0.15881 -0.41630
0.23935 0.21004
0.42301 0.52673
0.52921 -0.09839
-0.02842 0.16967
-0.19773 -0.53465
0.74504 -0.16141
0.41578 -0.18826
0.73707 -0.21541
-0.17822 0.05313
0.15130 0.11547
-0.00774 0.52536
0.20047 -0.14386
0.25186 -0.10045
0.39696 0.26019
0.62891 0.30334
0.42181 -0.09218
0.44470 0.23044
0.17145 -0.15468
0.43132 0.14684
0.67488 -0.50229
-0.24657 0.03050
0.16840 0.05365
0.03196 -0.43686
0.74079 -0.21202
0.41149 0.36881
0.43620 0.40255
0.09143 -0.42006
0.22973 -0.22117
0.29754 0.07755
0.33519 0.48104
0.51238 -0.09116
0.22032 -0.00197
0.10238 -0.15515
0.57155 -0.11586
0.29448 -0.18088
0.72503 0.06896
0.49734 0.16006
0.51231 0.30281
0.34337 0.53312
0.87852 0.44002
-0.07183 0.53918
0.50765 -0.01085
0.61327 -0.11280
0.53621 0.03736
-0.04566 0.15101
0.14643 0.45281
0.38858 0.08213
0.57514 -0.27953
0.35970 0.30356
0.59118 0.10284
0.30685 -0.20108
0.37646 0.21241
0.32085 0.31800
0.26010 0.37860
0.62552 0.16888
0.33737 -0.29574
0.22916 0.41486
0.06211 -0.06608
0.67505 0.12010
0.85618 0.49645
0.25804 0.47618
0.50282 0.24318
-0.11061 0.60427
0.38899 0.08995
-0.16457 -0.09222
0.92212 0.09962
-0.02134 0.20699
0.26018 0.10728
0.43885 0.01586
0.18085 0.34842
0.13044 0.42043
0.17181 0.21421
0.80688 -0.03782
0.75929 0.19635
0.53625 0.47395
0.32299 0.46543
0.31842 0.04622
0.48637 -0.35315
0.67728 0.38707
0.66517 -0.05808
0.08136 0.49005
0.64063 0.26230
0.30538 -0.21848
0.77706 0.02780
0.75586 0.39537
0.33875 0.54326
0.63012 0.31599
0.35619 0.68661
0.23931 0.32156
0.50163 0.38728
0.68554 -0.14080
0.35724 -0.16397
0.37755 -0.05803
0.32028 -0.31842
0.52218 0.03118
-0.08585 0.04221
0.06838 -0.04720
0.33113 0.28087
0.90591 0.29394
0.57956 0.30085
0.46531 0.06550
0.86293 0.20191
0.28296 0.30283
0.36870 -0.57497
0.34934 0.65185
0.05787 -0.03593
0.57416 0.66411
0.55377 0.11845
0.68490 -0.05695
0.30472 -0.47724
0.70593 0.13817
0.45377 -0.12003
0.14563 0.38629
0.46538 0.16426
0.87216 -0.07016
0.33097 -0.02684
-0.07159 0.03923
-0.17668 0.47861
0.57089 0.03791
0.29583 -0.13964
0.09271 0.18119
0.08284 0.32525
0.34493 -0.40210
0.42080 -0.11784
0.43214 0.05731
0.09400 -0.35373
0.14497 -0.10409
0.41333 -0.07996
0.74793 0.16710
0.46435 0.01757
0.71623 0.42817
0.78846 0.27667
0.30876 0.20436
0.35300 0.31245
0.50007 -0.39916
0.43018 -0.33834
-0.03834 0.20339
-0.01967 -0.25668
0.25259 -0.15172
0.15303 0.37812
0.47998 -0.04230
0.89909 0.26927
-0.25185 0.35931
0.69679 -0.02709
0.69513 0.26238
0.34374 -0.15345
0.36912 0.38276
-0.05532 0.07083
0.24327 0.00687
0.27898 -0.04073
-0.19945 0.09893
0.42736 -0.10418
0.79863 0.24894
0.91297 0.07101
0.29835 -0.17868
0.57507 0.31985
0.66604 -0.31853
0.55835 0.35759
-0.00676 0.49224
0.55632 0.36842
0.49772 0.30520
0.40691 -0.76341
0.60976 0.37542
0.63370 0.33140
0.21341 0.21006
0.68226 -0.35114
0.07418 0.30193
0.18499 0.00793
0.13626 0.02172
0.20449 0.12228
0.08978 0.21612
0.04298 0.64270
0.20217 -0.08962
0.75982 0.19190
0.47507 -0.22123
-0.17543 0.51289
0.84095 -0.03920
0.15141 0.30656
0.47619 -0.10669
0.09838 -0.01235
-0.10083 0.23467
0.72417 0.04582
0.42689 0.36902
0.31196 0.29486
0.41324 0.13353
0.36968 -0.11009
0.25355 0.29808
0.60717 -0.25567
0.77288 0.60435
0.25801 -0.58187
0.51272 0.09890
0.64722 -0.21758
0.80811 0.39314
0.11956 -0.27873
0.44570 -0.04642
0.17018 0.33236
-0.08262 0.40257
0.77655 0.18984
0.62097 -0.25917
0.17828 0.42621
0.20515 0.42582
0.86444 0.63718
0.47718 0.14187
-0.05688 0.72690
0.70003 0.12884
0.59493 -0.13764
-0.18317 0.02212
0.42710 0.44509
0.34190 0.42782
0.48549 0.39319
0.34659 0.26880
0.35491 0.12146
0.33201 -0.36050
0.66155 0.45825
0.22408 -0.47653
0.73178 -0.34534
-0.11176 0.22815
0.55920 -0.25576
0.21248 -0.64497
0.08348 0.38278
0.02799 0.05431
0.51726 -0.13157
0.21928 0.54460
0.12134 0.20506
0.47996 -0.22840
0.27252 0.22405
0.45230 0.10461
0.71267 -0.42170
-0.19000 -0.09348
0.50588 -0.15101
0.38806 0.61010
0.55350 0.21313
0.53523 -0.22363
0.10397 0.27230
0.77894 -0.07156
0.53063 -0.17934
0.39007 -0.25247
0.73648 -0.37625
0.34903 0.19458
0.18092 -0.33973
0.32306 0.47916
0.33924 -0.25043
0.48968 0.34222
0.35102 -0.44180
0.41341 -0.40399
0.34568 0.05720
0.41700 0.02494
0.52934 -0.16185
0.69666 -0.15647
0.28426 0.18990
0.33269 -0.08449
0.43500 0.40672
0.20175 0.13910
0.57843 0.23501
0.46132 0.10074
0.60823 -0.03766
0.31334 -0.46682
0.38572 0.15015
0.10649 0.28992
0.32138 0.08746
0.32131 0.43121
-0.14239 0.25384
0.61811 0.08585
0.06045 0.63323
-0.00738 0.43356
0.11670 0.21314
0.80804 0.03654
0.02260 -0.49964
0.20707 0.23372
0.58045 -0.02506
0.01749 -0.55646
0.19311 0.07887
0.07828 -0.21803
0.69655 0.04050
0.59603 0.01273
0.27399 -0.09008
-0.43853 0.06679
0.37190 0.18670
0.18454 0.13150
0.18325 0.20638
0.22111 -0.19378
-0.09654 0.40652
0.29381 0.28919
0.01614 0.02523
0.15051 -0.04014
0.40166 0.37622
-0.16189 0.43042
0.39722 0.33139
0.41884 -0.18778
0.64954 0.31818
0.40972 -0.11192
0.72698 0.37732
0.51925 -0.29660
0.14876 -0.08843
0.41442 0.41557
0.36405 0.32957
0.24836 0.02638
0.84600 -0.24606
0.38953 -0.21333
0.90236 -0.64685
0.45775 0.52656
0.48945 -0.11630
0.08870 -0.00026
0.20107 0.71642
0.67597 0.20684
0.36658 -0.16707
0.48695 0.57440
0.76300 0.56822
0.66491 -0.18283
0.18825 0.44468
0.87155 0.03074
0.26122 0.26904
0.25188 -0.29092
0.58084 0.56637
0.48038 -0.40019
-0.31956 -0.30092
0.49462 -0.39611
-0.07154 0.17036
0.65678 0.20736
0.56710 0.64158
0.40467 0.23398
0.97562 0.46293
0.17849 0.00727
0.58659 0.18101
0.74992 0.07090
0.47307 0.10203
0.23478 0.11946
0.31339 0.30084
0.33262 0.55867
0.50437 0.10450
0.57660 -0.05023
0.93676 0.37701
0.76050 0.06073
-0.11534 0.16374
0.44195 0.05772
0.32098 0.45413
-0.12076 0.25437
0.52559 0.04453
0.49393 0.46016
0.57673 0.20759
0.48148 -0.14425
0.19552 -0.06669
0.05499 0.52099
0.32875 0.26637
0.52516 0.33231
0.49315 0.09157
0.45220 0.17484
0.31097 -0.52147
0.86080 -0.49713
0.82242 -0.62603
0.95846 -0.45827
0.91538 -0.65642
0.61967 -0.76490
0.95127 -0.42717
0.83606 -0.47323
0.93682 -0.65301
0.89182 -0.54146
0.79760 -0.34810
0.84712 -0.52701
0.94402 -0.55970
0.69718 -0.40909
0.81583 -0.64055
0.86388 -0.70495
0.85732 -0.56876
0.92337 -0.80245
0.78156 -0.49800
0.66782 -0.69055
0.84352 -0.70448
0.79371 -0.89158
0.81939 -0.48864
0.91131 -0.61756
0.87365 -0.38072
0.79607 -0.60330
0.78210 -0.45109
0.89452 -0.35750
0.95107 -0.49013
0.52370 -0.63638
0.89031 -0.32494
0.91468 -0.52328
0.89233 -0.68806
0.86012 -0.75876
0.92153 -0.50317
0.97754 -0.60474
0.80667 -0.73031
0.90932 -0.41931
0.93238 -0.46870
0.99860 -0.46166
0.85610 -0.58889
0.93431 -0.75609
0.95257 -0.32935
0.96924 -0.28734
0.70821 -0.49019
0.79566 -0.56742
0.61623 -0.38190
0.72246 -0.65374
0.86406 -0.57597
0.90448 -0.56931
0.75277 -0.58994
0.98964 -0.63021
0.69676 -0.68403
0.95024 -0.58459
0.78742 -0.47277
0.89311 -0.45049
0.69689 -0.48827
0.94820 -0.67832
0.96260 -0.56599
0.83176 -0.54028
0.86699 -0.57886
0.82944 -0.60259
0.65990 -0.53950
0.66690 -0.52844
0.92295 -0.77919
0.57078 -0.73944
0.91564 -0.73464
0.81298 -0.54094
0.85261 -0.60662
0.89268 -0.45072
0.53845 -0.31146
0.62016 -0.43604
0.82528 -0.40432
0.57230 -0.70737
0.83896 -0.58776
0.81064 -0.54984
0.82586 -0.41809
0.80095 -0.91181
0.76038 -0.56036
0.79409 -0.49365
0.49293 -0.68575
0.74150 -0.65089
0.64877 -0.54839
0.62831 -0.40374
0.90182 -0.37352
0.84949 -0.60946
0.87024 -0.80070
0.94545 -0.55481
0.78637 -0.52682
0.82468 -0.53431
0.82607 -0.68267
0.95043 -0.53404
0.80840 -0.66560
0.80150 -0.52948
0.83700 -0.53033
0.97148 -0.53113
0.98393 -0.38065
0.82304 -0.57499
0.84752 -0.76846
0.82928 -0.61014
0.99206 -0.67970
0.81202 -0.73003
0.79419 -0.65288
0.91814 -0.22223
0.82341 -0.70379
0.96241 -0.70382
0.85263 -0.51728
0.95414 -0.65139
0.91978 -0.44846
0.68847 -0.65924
0.89905 -0.56601
0.77609 -0.63060
0.69131 -0.74972
0.93088 -0.64738
0.89258 -0.42321
0.77153 -0.86364
0.69864 -0.61331
0.74328 -0.55904
0.80169 -0.56189
0.81078 -0.41302
0.88364 -0.55787
0.74586 -0.72891
0.79298 -0.65683
0.91293 -0.29953
0.63055 -0.89197
0.98627 -0.50867
0.97335 -0.52497
0.91402 -0.44871
0.82719 -0.38522
0.97797 -0.41805
0.99087 -0.43995
0.89793 -0.56033
0.92577 -0.63310
0.80106 -0.58037
0.89960 -0.40253
0.93501 -0.44167
0.95925 -0.44268
0.81569 -0.48286
0.93625 -0.52040
0.84860 -0.46449
0.68169 -0.40019
0.93691 -0.73047
0.57394 -0.61527
0.94632 -0.64274
0.95226 -0.48476
0.65768 -0.66531
0.60170 -0.50951
0.87157 -0.71872
0.96500 -0.38460
0.91024 -0.67280
0.67303 -0.29641
0.77648 -0.53472
0.60312 -0.77742
0.95446 -0.65094
0.72302 -0.70510
0.59436 -0.51074
0.98643 -0.26702
0.89299 -0.75680
0.89251 -0.41915
0.74778 -0.53183
0.59687 -0.54385
0.82890 -0.53525
0.86652 -0.77336
0.67549 -0.45596
0.66500 -0.62651
0.72039 -0.66166
0.60998 -0.76480
0.85759 -0.63575
0.94880 -0.66867
0.88422 -0.59546
0.84069 -0.49645
0.80653 -0.63521
0.87010 -0.54145
0.88915 -0.70403
0.94372 -0.70024
0.81775 -0.46112
0.81084 -0.53800
0.90527 -0.57313
0.69092 -0.44117
0.96519 -0.41497
0.98110 -0.65007
0.98672 -0.72349
0.94087 -0.44182
0.92488 -0.61630
0.86380 -0.52544
0.70611 -0.50184
0.82077 -0.69913
0.99669 -0.24794
0.88154 -0.60040
0.74027 -0.52597
0.86364 -0.75720
0.78738 -0.66558
0.92111 -0.66163
0.82999 -0.75934
0.96721 -0.45509
0.97624 -0.60135
0.71217 -0.82194
0.90407 -0.95121
0.97083 -0.41731
0.72964 -0.66333
0.82165 -0.46348
0.85969 -0.71764
0.86165 -0.67833
0.99664 -0.71958
0.88477 -0.74923
0.70217 -0.83026
0.89517 -0.31458
0.84893 -0.49390
0.79182 -0.68564
0.78694 -0.52251
0.79163 -0.33692
0.80255 -0.49002
0.67538 -0.58700
0.84352 -0.66336
0.70951 -0.37301
0.77140 -0.48687
0.89145 -0.53348
0.80151 -0.60985
0.80914 -0.38254
0.84637 -0.74446
0.83928 -0.57666
0.83935 -0.61758
0.98080 -0.53385
0.77001 -0.48941
0.89959 -0.43526
0.75510 -0.54410
0.98855 -0.47351
0.80369 -0.17788
0.84304 -0.53108
0.86616 -0.36183
0.63428 -0.50547
0.88064 -0.34636
0.92391 -0.61325
0.93656 -0.66688
0.80436 -0.55607
0.68325 -0.72303
0.59979 -0.50893
0.89332 -0.30729
0.92026 -0.62137
0.87369 -0.68995
0.85464 -0.55970
0.87055 -0.65266
0.83733 -0.44175
0.81213 -0.53816
0.90776 -0.36641
0.80473 -0.58354
0.93908 -0.53261
0.76272 -0.63635
0.93628 -0.51402
0.99848 -0.39555
0.68193 -0.49162
0.67333 -0.39633
0.97078 -0.63769
0.80096 -0.61206
0.96852 -0.52439
0.86773 -0.54517
0.77139 -0.52753
0.64475 -0.31777
0.88703 -0.42990
0.82955 -0.75903
0.85946 -0.56220
0.89088 -0.44354
0.93000 -0.77313
0.41548 -0.53273
0.88889 -0.54819
0.99846 -0.63624
0.82348 -0.58006
0.81106 -0.56498
0.97156 -0.28817
0.93168 -0.56076
0.95253 -0.62288
0.93264 -0.82722
0.96203 -0.56340
0.86890 -0.58910
0.84762 -0.57738
0.73605 -0.36511
0.92868 -0.42275
0.77834 -0.34957
0.65934 -0.56973
0.95648 -0.78386
0.90686 -0.46651
0.96517 -0.55530
0.80394 -0.78485
0.78410 -0.44249
0.84060 -0.73792
0.49370 -0.56027
0.85172 -0.50600
0.83274 -0.52274
0.93173 -0.35049
0.98194 -0.39768
0.90585 -0.55636
0.60896 -0.51683
0.86241 -0.52944
0.86543 -0.33953
0.86320 -0.53379
0.94678 -0.59900
0.76786 -0.85615
0.85248 -0.63503
0.86271 -0.53172
0.85155 -0.48107
0.82091 -0.53980
0.84969 -0.55947
0.80718 -0.34231
0.69123 -0.58094
0.77764 -0.62644
0.68646 -0.65409
0.82292 -0.46382
0.79729 -0.80327
0.99310 -0.46640
0.66476 -0.89635
0.86629 -0.56613
0.81860 -0.59610
0.91484 -0.67235
0.79169 -0.69890
0.67507 -0.40499
0.87990 -0.57298
0.80786 -0.55559
0.75598 -0.60813
0.56285 -0.40362
0.84137 -0.55193
0.69884 -0.43030
0.68626 -0.45744
0.89221 -0.59774
0.71959 -0.49921
0.94561 -0.63627
0.87512 -0.58734
0.81941 -0.78562
0.94688 -0.71353
0.80347 -0.81208
0.88071 -0.69102
0.74038 -0.56040
0.72063 -0.63730
0.80185 -0.54474
0.96757 -0.51324
0.81455 -0.37534
0.87207 -0.43501
0.59377 -0.51711
0.97169 -0.38314
0.67866 -0.41228
0.73155 -0.60876
0.96931 -0.55728
0.74769 -0.36691
0.99208 -0.54549
0.96284 -0.44843
0.80929 -0.68027
0.74004 -0.56229
0.97068 -0.72042
0.65898 -0.59177
0.93449 -0.65577
0.75633 -0.58776
0.63366 -0.74819
0.75049 -0.28331
0.98986 -0.67780
0.61779 -0.71165
0.76527 -0.77973
0.77690 -0.51195
0.90162 -0.51736
0.92231 -0.71005
0.90360 -0.61795
0.85689 -0.57875
0.91944 -0.30465
0.86613 -0.50419
0.90919 -0.48101
0.74999 -0.78257
0.86604 -0.57579
0.97338 -0.54105
0.81712 -0.47083
0.60009 -0.42438
0.91137 -0.57382
0.92997 -0.45089
0.56384 -0.61921
0.76338 -0.43387
0.96182 -0.30582
0.95904 -0.63235
0.72929 -0.50090
0.92498 -0.31556
0.74520 -0.52521
0.88338 -0.55285
0.85966 -0.62040
0.97143 -0.41911
0.93475 -0.48948
0.97963 -0.51811
0.89708 -0.57080
0.72494 -0.31026
0.98701 -0.59546
0.74036 -0.66258
0.80108 -0.41818
0.90298 -0.76032
0.81881 -0.81145
0.96911 -0.56900
0.61732 -0.41304
0.92355 -0.55740
0.75396 -0.48764
0.97062 -0.50887
0.87989 -0.73527
0.52901 -0.59779
0.97133 -0.68116
0.78737 -0.30240
0.96467 -0.67878
0.85690 -0.31681
0.90205 -0.72887
0.84703 -0.35243
0.94536 -0.35567
0.97110 -0.49884
0.88290 -0.25777
0.98478 -0.41305
0.93114 -0.71815
0.88765 -0.57248
0.94061 -0.76006
0.79592 -0.43225
0.76676 -0.54897
0.95726 -0.60185
0.84809 -0.39845
0.94371 -0.61560
0.77466 -0.38827
0.76886 -0.40500
0.99152 -0.54646
0.89998 -0.57969
0.73336 -0.72893
0.59236 -0.58463
0.97917 -0.70601
0.80229 -0.52381
0.79067 -0.46207
0.65509 -0.47342
0.87170 -0.47881
0.77487 -0.75037
0.88174 -0.61368
0.92289 -0.66737
0.75255 -0.71910
0.90057 -0.17003
0.92260 -0.63284
0.97674 -0.56611
0.90652 -0.24550
0.96796 -0.64213
0.82759 -0.69100
0.80013 -0.53972
0.89575 -0.58429
0.63230 -0.54547
0.67335 -0.47060
0.73865 -0.53757
0.94172 -0.70517
0.69577 -0.64548
0.87804 -0.61474
0.92357 -0.57481
0.99702 -0.55879
0.94786 -0.42235
0.52316 -0.50259
0.84889 -0.49369
0.97426 -0.73319
0.77260 -0.40922
0.98219 -0.46934
0.92466 -0.80734
0.88201 -0.44922
0.99570 -0.59079
0.96400 -0.50856
0.56443 -0.62708
0.77022 -0.55695
0.84101 -0.61091
0.83546 -0.57720
0.89204 -0.53328
0.88198 -0.46625
0.95472 -0.49745
0.89986 -0.64016
0.60011 -0.56303
0.62870 -0.74376
0.97533 -0.69470
0.78042 -0.56658
0.70368 -0.70716
0.84720 -0.53217
0.82425 -0.53650
0.94380 -0.70442
0.86351 -0.55339
0.94913 -0.39078
0.97469 -0.80275
0.96735 -0.53125
0.95338 -0.73615
0.88471 -0.53683
0.78951 -0.56465
0.84081 -0.47641
0.94836 -0.71178
0.75007 -0.84713
0.94217 -0.57882
0.92748 -0.69191
0.91188 -0.56376
0.72677 -0.66549
0.84931 -0.60286
0.98942 -0.76225
0.96401 -0.36118
0.59107 -0.40573
0.78019 -0.52072
0.73715 -0.54276
0.70724 -0.55242
0.93950 -0.49985
0.93651 -0.48639
0.90482 -0.44323
0.85882 -0.69176
0.68583 -0.39967
0.94990 -0.56533
0.68452 -0.65015
0.85378 -0.60563
0.81599 -0.27467
0.96116 -0.47697
0.81707 -0.21334
0.95941 -0.79509
0.87211 -0.61766
0.73095 -0.49133
0.97287 -0.56255
0.74938 -0.60010
0.80406 -0.46180
0.92935 -0.53721
0.91401 -0.52387
0.89383 -0.56546
0.97361 -0.45289
0.71315 -0.43502
0.59490 -0.66903
0.69890 -0.70972
0.60697 -0.94451
0.84983 -0.60041
0.87813 -0.68582
0.95414 -0.60374
0.73623 -0.51615
0.91525 -0.75009
0.79666 -0.47473
0.96442 -0.69666
0.84079 -0.49321
0.71329 -0.74693
0.83700 -0.63558
0.68354 -0.61578
0.93917 -0.55427
0.89044 -0.56921
0.83541 -0.56639
0.94008 -0.84588
0.80340 -0.40370
0.62540 -0.30507
0.82987 -0.48732
0.71116 -0.81095
0.95113 -0.59907
0.94235 -0.49320
0.78846 -0.35627
0.97222 -0.47113
0.83330 -0.88965
0.81200 -0.45271
0.96212 -0.49049
0.83855 -0.71825
0.81115 -0.42707
0.60574 -0.42880
0.79183 -0.59189
0.88665 -0.84524
0.98760 -0.50890
0.99073 -0.52023
0.95925 -0.84260
0.83841 -0.66079
0.91160 -0.39578
0.88396 -0.29424
0.72860 -0.35314
0.71109 -0.40646
0.79912 -0.77127
0.82822 -0.46626
0.80019 -0.49773
0.88933 -0.59712
0.81808 -0.48491
0.64941 -0.49223
0.94418 -0.69402
0.94958 -0.55860
0.83637 -0.67436
0.83944 -0.48046
0.95274 -0.60887
0.79772 -0.66793
0.85435 -0.59883
0.73467 -0.68850
0.96942 -0.64302
0.94761 -0.62765
0.87205 -0.95226
0.91483 -0.41642
0.92727 -0.59524
0.84164 -0.71807
0.91119 -0.60514
0.95299 -0.50331
0.95528 -0.28176
0.98513 -0.47381
0.88750 -0.50119
0.60256 -0.65915
0.82930 -0.34589
0.93669 -0.20522
0.90721 -0.60606
0.92606 -0.57157
0.84660 -0.63155
0.92076 -0.59910
0.96921 -0.59230
0.99727 -0.70083
0.82587 -0.63589
0.83471 -0.60227
0.82852 -0.50846
0.99996 -0.44808
0.56574 -0.47192
0.99652 -0.67135
0.73031 -0.59576
0.96468 -0.45045
0.50569 -0.63299
0.90062 -0.40167
0.70583 -0.62788
0.64534 -0.23266
0.78890 -0.65947
0.93081 -0.46868
0.99357 -0.82866
0.66725 -0.72210
0.93434 -0.60309
0.99665 -0.38714
0.81363 -0.41242
0.74115 -0.40096
0.97831 -0.56596
0.93380 -0.65848
0.98341 -0.75438
0.81644 -0.71560
0.70080 -0.36708
0.87497 -0.84759
0.94427 -0.62060
0.75496 -0.58760
0.87406 -0.81502
0.69885 -0.67498
0.94235 -0.80683
0.78190 -0.48142
0.99365 -0.63077
0.93713 -0.53076
0.83200 -0.49390
0.99713 -0.55156
0.89850 -0.49865
0.95879 -0.67058
0.92798 -0.55109
0.95065 -0.46399
0.73512 -0.56172
0.90271 -0.68798
0.84905 -0.53228
0.84552 -0.82441
0.88159 -0.60612
0.93748 -0.12015
0.84538 -0.38825
0.79033 -0.63062
0.93549 -0.40358
0.84024 -0.81863
0.97185 -0.63736
0.96459 -0.69389
0.72155 -0.39658
0.98359 -0.58743
0.80766 -0.75149
0.90216 -0.61321
0.95277 -0.12356
0.94713 -0.80358
0.79172 -0.54002
0.99333 -0.94374
0.68285 -0.56592
0.85705 -0.76618
0.89789 -0.42997
0.94012 -0.34318
0.87218 -0.64776
0.97911 -0.48713
0.69024 -0.48982
0.82228 -0.85702
0.90472 -0.42771
0.76190 -0.69030
0.83295 -0.68063
0.91812 -0.70124
0.97336 -0.39491
0.99419 -0.44025
0.96943 -0.45086
0.56034 -0.14427
0.73985 -0.43031
0.96299 -0.34255
0.99778 -0.50504
0.61775 -0.57600
0.80487 -0.57714
0.92473 -0.43398
0.90610 -0.27244
0.69905 -0.37934
0.86780 -0.62379
0.83112 -0.53336
0.81218 -0.53325
0.99831 -0.34071
0.99822 -0.42582
0.87804 -0.34577
0.69314 -0.45734
0.93117 -0.69695
0.86984 -0.62564
0.77642 -0.53742
0.91536 -0.66675
0.97250 -0.33225
0.94079 -0.58861
0.77739 -0.40001
0.87137 -0.52827
0.92006 -0.46016
0.98321 -0.32379
0.85922 -0.31428
0.86955 -0.58153
0.95680 -0.58771
0.73116 -0.74028
0.86762 -0.51918
0.52586 -0.84585
0.76466 -0.60855
0.77250 -0.80938
0.79113 -0.63730
0.88840 -0.47974
0.66414 -0.76210
0.91389 -0.60925
0.99100 -0.58375
0.68343 -0.66506
0.79436 -0.48570
0.93742 -0.69421
0.71830 -0.62263
0.88310 -0.27272
0.70838 -0.69121
0.88225 -0.36432
0.73583 -0.77704
0.87458 -0.89727
0.53554 -0.54090
0.93973 -0.89467
0.76754 -0.69528
0.91803 -0.28384
0.90853 -0.73547
0.81652 -0.57116
0.68759 -0.49749
0.66919 -0.26918
0.94053 -0.34413
0.86033 -0.32267
0.91941 -0.60291
0.84940 -0.71278
0.89429 -0.55547
0.93387 -0.41369
0.98503 -0.49165
0.61399 -0.49257
0.80571 -0.84266
0.91098 -0.47406
0.80448 -0.72209
0.69301 -0.45299
0.83724 -0.63496
0.98763 -0.25629
0.84616 -0.55980
0.86536 -0.36837
0.89139 -0.60516
0.76653 -0.37997
0.94724 -0.57895
0.84887 -0.65387
0.88751 -0.27958
0.81230 -0.31128
0.98507 -0.47074
0.97318 -0.33241
0.79803 -0.84282
0.74047 -0.57071
0.94365 -0.53807
0.77920 -0.64663
0.71658 -0.54928
0.90334 -0.64559
